lambda: 1e-06 MSE: 1.7178807460161474
lambda: 9.999999999999999e-06 MSE: 1.4853667266795016
lambda: 0.0001 MSE: 1.489790802462012
