lambda: 1e-06 MSE: 1.7958861766124898
lambda: 9.999999999999999e-06 MSE: 1.7440089955349962
lambda: 0.0001 MSE: 1.8231003530039982
