lambda: 1e-06 MSE: 1.525863238641878
lambda: 9.999999999999999e-06 MSE: 1.4425662730493474
lambda: 0.0001 MSE: 1.4145589852831422
