lambda: 1e-06 MSE: 2.031319053156166
lambda: 9.999999999999999e-06 MSE: 1.9261126781178932
lambda: 0.0001 MSE: 2.0313190547405897
