lambda: 1e-06 MSE: 1.7179674949508064
lambda: 9.999999999999999e-06 MSE: 1.5736545372341448
lambda: 0.0001 MSE: 1.7069391311792617
