lambda: 1e-06 MSE: 1.7004154719404243
lambda: 9.999999999999999e-06 MSE: 1.5640739625604085
lambda: 0.0001 MSE: 1.6422654805287398
