lambda: 1e-06 MSE: 1.5844341414093752
lambda: 9.999999999999999e-06 MSE: 1.4016218744592959
lambda: 0.0001 MSE: 1.3774943567531057
