lambda: 1e-06 MSE: 2.0295091507464216
lambda: 9.999999999999999e-06 MSE: 1.921392934943528
lambda: 0.0001 MSE: 1.9996731536934176
