lambda: 1e-06 MSE: 1.7858223749091529
lambda: 9.999999999999999e-06 MSE: 1.7877769096107634
lambda: 0.0001 MSE: 1.7975079138501182
