lambda: 1e-06 MSE: 1.6983965223299737
lambda: 9.999999999999999e-06 MSE: 1.4760595812638446
lambda: 0.0001 MSE: 1.4998697900629026
