lambda: 1e-06 MSE: 1.5897170268813956
lambda: 9.999999999999999e-06 MSE: 1.4410373020225693
lambda: 0.0001 MSE: 1.3976565837564696
