lambda: 1e-06 MSE: 1.7135988777228073
lambda: 9.999999999999999e-06 MSE: 1.5723212571095533
lambda: 0.0001 MSE: 1.7029448106793554
