lambda: 1e-06 MSE: 1.9997088316741838
lambda: 9.999999999999999e-06 MSE: 2.034675902101085
lambda: 0.0001 MSE: 2.0052798531284957
