lambda: 1e-06 MSE: 1.797923427768216
lambda: 9.999999999999999e-06 MSE: 1.7253486448490536
lambda: 0.0001 MSE: 1.8096329717548165
