lambda: 1e-06 MSE: 1.6459965824062308
lambda: 9.999999999999999e-06 MSE: 1.5014350500649023
lambda: 0.0001 MSE: 1.5184959263146993
